version https://git-lfs.github.com/spec/v1
oid sha256:ca76ab1f11729629bf09c3e2b70f5e927be543a7535f348f1ab0fd6c234c6fc8
size 78887859
